7 1629.08481853532 12344 93092 ENSMUSG00000101609 52 ENSMUSG00000105381
2 1789.00882596304 10877 106824 ENSMUSG00000051747 20 ENSMUSG00000056486
5 1758.29625907314 8955 20084 ENSMUSG00000061601 18 ENSMUSG00000107308
11 1693.54606249279 8673 24175 ENSMUSG00000061462 41 ENSMUSG00000108707
1 1874.60458318719 8553 40378 ENSMUSG00000044768 30 ENSMUSG00000103282
9 1719.76886674969 8030 25437 ENSMUSG00000109564 51 ENSMUSG00000093615
6 1672.27214786488 7845 24060 ENSMUSG00000030209 12 ENSMUSG00000095668
4 1633.29552357058 7573 74456 ENSMUSG00000104211 24 ENSMUSG00000095386
3 1764.08575958489 6938 20803 ENSMUSG00000049133 36 ENSMUSG00000090441
10 1723.03227771011 6568 123179 ENSMUSG00000020255 51 ENSMUSG00000105329
8 1713.23163664839 6385 17152 ENSMUSG00000038872 27 ENSMUSG00000091041
14 1563.8416909122 5843 93147 ENSMUSG00000115801 9 ENSMUSG00000096749
13 1644.33018867925 5618 52401 ENSMUSG00000089940 16 ENSMUSG00000032727
12 1569.67200452148 5308 21704 ENSMUSG00000063450 10 ENSMUSG00000095549
15 1679.3444185142 5142 19823 ENSMUSG00000048154 10 ENSMUSG00000044250
17 1696.64475247525 5050 15768 ENSMUSG00000024073 9 ENSMUSG00000035435
X 1620.07328183799 5049 19658 ENSMUSG00000071753 49 ENSMUSG00000106465
16 1657.16361581921 4425 26901 ENSMUSG00000022708 38 ENSMUSG00000104975
19 1814.44969818913 2982 20771 ENSMUSG00000092274 37 ENSMUSG00000089094
Y 818.405971479501 2244 8094 ENSMUSG00000069044 60 ENSMUSG00000106618
18 2030.09064885496 2096 13391 ENSMUSG00000045991 42 ENSMUSG00000038773
